  8 | 18 | 99 | 64 | 91 | 55 | 53 | 20 | 11 | 20 |  1 | 79 |  2 | 30 |  7 | 99 | 14 | 24 | 90 | 15 | 96 | 55 | 58 | 30 | 88 | 63 | 47 | 71 | 39 |  9 | 82 | 75 |  2 | 67 | 98 | 70 |  5 | 78 | 34 | 17 | 77 | 74 | 97 |  7 | 97 | 69 | 67 |  6 | 34 | 66 | 68 | 48 | 57 | 70 | 93 | 79 | 62 | 38 |  0 | 90 | 50 | 13 | 48 | 32 | 52 | 30 | 36 | 53 | 46 | 39 | 62 | 82 | 82 | 74 | 94 | 92 | 28 | 65 | 41 | 51 | 36 | 22 | 27 | 26 | 79 |  6 | 12 | 43 | 88 | 74 | 97 | 20 | 55 |  9 | 97 | 31 |  8 | 19 | 15 | 84
 32 | 91 |  4 | 36 | 46 | 46 | 96 | 67 | 87 | 97 | 60 | 84 | 10 |  6 | 97 | 57 | 51 |  9 | 22 | 83 | 52 | 18 | 69 | 16 | 38 | 87 | 33 | 34 | 13 | 54 | 26 | 11 | 54 |  9 | 26 | 79 |  5 | 53 |  1 | 29 | 19 | 50 | 83 | 52 | 18 | 36 | 70 | 74 | 73 | 13 | 89 | 86 | 92 | 32 | 37 | 86 | 44 |  2 | 64 | 84 | 85 | 33 | 25 | 40 | 91 |  3 | 50 | 66 | 25 | 39 | 21 |  6 | 64 | 10 | 77 | 46 | 41 | 67 | 48 | 81 | 30 | 10 | 54 | 96 | 89 | 14 | 85 | 21 | 69 | 23 | 44 | 14 | 34 | 30 | 51 | 37 | 31 | 50 | 19 | 99
 51 | 14 | 15 | 36 | 10 | 77 | 24 | 78 | 55 | 46 | 12 | 14 | 80 | 54 | 68 | 74 | 71 | 35 | 65 | 35 | 91 | 19 | 39 | 91 |  5 | 16 | 51 | 56 | 29 | 58 |  5 | 43 | 77 | 50 | 58 | 79 | 84 | 12 | 49 | 82 | 35 |  3 | 18 | 35 | 70 | 79 | 54 | 80 | 45 |  2 | 24 | 44 | 13 | 60 | 25 | 72 | 33 |  3 | 47 | 98 | 88 | 53 | 30 | 75 | 39 | 13 | 31 | 54 | 60 |  4 | 81 | 38 | 79 | 51 | 23 | 48 | 82 | 56 | 93 | 75 | 55 | 50 | 56 | 58 | 40 | 50 |  2 | 96 | 41 | 15 | 16 | 80 | 60 | 89 | 15 | 52 | 33 |  9 | 39 | 95
 97 | 60 | 29 | 24 | 58 | 24 | 28 | 40 | 96 | 57 | 40 | 57 | 65 | 53 | 84 |  7 | 74 | 79 | 40 | 99 | 47 | 84 |  1 | 48 | 75 | 87 | 57 |  1 | 69 | 67 | 46 | 40 | 97 | 25 | 91 | 90 | 98 | 33 | 48 | 46 | 84 | 63 | 60 | 16 | 67 | 70 | 57 | 89 | 39 |  9 | 48 | 47 |  5 | 74 | 41 |  1 |  0 | 92 | 27 | 45 | 29 | 39 | 44 | 37 | 92 | 25 | 84 | 59 | 75 | 53 | 14 | 42 | 26 | 82 | 86 | 16 | 12 |  1 | 82 | 36 | 27 | 70 | 65 |  2 | 71 | 20 | 36 | 45 | 15 | 62 | 95 | 43 | 71 | 26 | 42 | 80 | 55 | 32 | 99 | 54
 43 | 26 | 90 | 58 | 52 |  2 | 12 |  4 | 68 | 86 | 74 | 19 | 75 |  0 | 80 |  9 | 86 |  5 | 26 | 72 | 17 | 82 | 81 | 59 | 45 | 30 | 81 | 71 | 33 | 59 | 85 | 46 | 87 | 98 | 21 | 25 |  9 | 61 |  2 | 37 |  4 | 11 | 36 | 68 | 59 | 94 | 76 |  9 | 98 | 54 |  6 | 63 | 52 | 95 | 27 | 59 | 40 | 32 | 78 |  3 | 13 | 80 | 51 | 32 | 99 | 77 |  6 | 32 | 54 | 49 | 28 | 42 | 95 | 51 | 62 | 16 | 19 | 86 | 97 | 80 | 94 | 53 | 51 | 19 | 65 | 66 | 99 | 28 | 52 | 95 | 85 | 70 |  3 | 65 | 99 | 34 | 79 | 16 | 91 | 27
 69 | 29 | 31 | 98 | 57 | 38 | 63 | 75 | 10 | 54 | 43 | 93 | 64 | 97 | 85 | 10 | 85 | 72 | 13 | 15 | 80 | 89 | 85 |  1 | 42 | 57 | 81 | 23 | 58 | 18 | 95 | 26 |  4 | 90 | 12 | 42 |  3 | 44 | 21 | 33 | 67 | 49 | 87 |  9 | 97 | 60 | 57 | 59 | 26 |  6 | 81 |  0 | 47 | 45 |  4 | 21 | 42 | 56 | 77 | 73 | 54 | 76 | 53 | 58 | 42 | 18 | 39 | 99 | 25 |  1 | 66 | 74 | 13 | 54 | 19 | 84 | 84 | 90 | 57 | 42 | 14 | 19 | 87 | 95 | 42 | 28 | 52 | 38 | 40 | 45 |  5 | 34 | 46 | 25 | 90 | 28 | 95 | 95 | 88 | 41
  5 | 37 | 81 | 29 | 76 | 59 | 15 | 11 | 66 | 30 | 44 | 18 | 50 | 82 | 88 | 54 | 94 | 45 | 90 | 48 | 90 | 26 | 47 | 33 | 76 | 29 | 16 | 11 | 18 | 23 |  3 | 69 | 42 | 42 | 26 | 46 | 38 | 71 | 31 | 83 | 92 | 67 |  8 | 81 | 78 | 67 | 38 | 24 | 65 | 69 | 18 | 74 | 72 | 90 | 10 |  1 | 73 | 88 | 47 | 68 | 50 | 74 | 84 | 18 | 14 | 59 | 95 | 86 |  9 | 40 | 17 | 81 | 12 | 98 | 56 | 42 | 99 | 64 | 38 | 11 | 69 | 90 | 91 | 23 | 27 | 11 |  3 | 20 | 10 | 71 | 55 | 83 | 82 | 65 |  2 | 91 | 58 | 96 | 91 | 49
 26 | 17 | 69 | 83 | 87 | 29 | 16 | 28 | 94 | 13 |  9 | 78 | 19 | 93 | 62 | 74 | 17 | 62 | 46 |  3 | 73 | 74 | 37 | 35 | 52 | 51 | 30 | 11 | 81 | 66 | 30 | 19 | 75 | 33 | 87 |  8 | 30 | 93 | 77 | 16 | 83 | 71 | 95 | 57 | 96 | 62 | 42 | 83 | 13 | 59 | 98 | 90 | 66 |  7 | 10 | 86 | 55 | 59 | 11 |  9 | 86 | 52 | 69 | 37 | 37 |  5 | 79 | 77 | 69 |  0 | 41 | 82 |  1 | 91 | 84 |  3 | 43 |  2 | 96 | 24 |  3 | 27 | 15 | 76 | 38 | 95 | 36 | 96 | 92 | 25 | 42 | 27 | 37 | 99 | 57 | 97 | 65 | 65 | 70 | 98
 36 |  4 | 16 | 80 |  4 | 40 | 60 | 53 | 88 | 99 | 54 | 45 | 29 | 94 | 31 | 62 | 33 | 20 | 67 | 66 | 33 | 78 | 87 | 50 | 37 | 25 | 16 | 71 | 83 | 15 | 53 | 83 | 81 | 99 | 16 | 50 | 99 | 33 | 78 | 28 | 86 | 87 | 54 | 53 | 48 |  7 | 62 | 29 | 67 | 73 | 17 |  4 |  9 | 35 | 17 | 63 | 36 | 59 | 42 | 54 |  2 | 10 | 52 | 81 |  9 | 45 |  3 | 41 | 97 | 93 | 61 | 50 | 91 | 61 |  5 | 24 | 17 | 79 | 40 | 40 | 27 | 38 | 56 | 15 | 29 | 23 | 65 | 35 | 65 | 13 | 30 | 39 | 77 | 61 | 19 | 49 | 49 |  6 | 39 | 70
 91 | 39 | 29 | 84 | 49 | 95 | 80 | 40 |  4 | 50 | 66 | 64 |  1 |  2 | 37 | 20 | 25 | 30 | 22 | 22 | 91 | 65 | 34 | 10 | 72 | 62 | 50 | 32 | 34 | 24 | 75 | 94 | 65 | 97 | 43 | 10 | 22 | 97 | 30 | 45 | 23 | 86 | 93 | 26 | 26 | 91 | 38 | 92 | 14 | 80 | 43 | 99 |  3 | 73 | 38 | 69 | 66 | 53 | 31 | 79 | 24 | 19 | 60 | 20 | 20 | 38 | 87 | 16 | 26 | 89 | 25 | 35 | 94 | 92 | 30 | 84 | 66 | 21 | 34 | 28 | 94 | 30 | 86 | 22 | 17 | 22 | 61 | 80 | 69 | 93 |  4 | 84 | 38 |  3 | 72 | 30 | 28 | 37 | 61 | 17
  9 |  6 | 16 | 63 | 32 | 58 | 77 | 30 | 13 | 88 | 95 | 34 | 56 | 94 | 76 |  3 | 10 | 78 | 88 | 45 | 77 | 68 | 62 | 42 | 23 | 31 | 77 | 37 | 13 | 60 |  8 | 99 | 40 | 23 | 31 | 75 | 54 | 26 | 75 | 15 | 13 | 72 |  9 | 46 | 34 | 94 | 88 | 21 | 74 | 88 | 16 | 97 | 38 | 22 | 66 | 44 | 36 | 69 | 19 | 61 | 56 | 77 | 67 | 93 | 34 |  7 | 85 | 72 | 17 | 79 | 91 | 96 | 17 | 74 | 24 | 71 | 62 | 31 | 65 | 51 |  4 | 86 | 40 | 25 | 55 | 10 | 91 | 87 | 65 | 90 | 22 | 33 | 22 | 95 | 42 | 60 | 92 | 98 | 25 | 95
 75 | 64 | 24 | 18 | 58 | 70 | 24 | 49 | 75 | 87 | 50 | 24 |  2 | 39 | 49 | 21 |  9 | 81 | 93 | 12 | 65 | 97 | 28 | 27 | 15 | 25 |  6 | 17 | 73 |  4 | 92 | 30 | 71 | 32 | 34 |  9 | 52 | 99 | 24 | 48 | 18 | 44 | 50 |  5 | 10 |  7 | 58 | 53 |  4 | 80 | 99 | 66 | 20 | 64 | 54 |  9 | 61 | 61 | 23 | 82 | 91 | 34 | 12 | 49 | 42 |  7 | 98 |  8 | 24 | 69 | 91 | 78 | 94 | 40 | 25 |  3 | 68 | 35 | 58 | 60 | 44 | 80 | 34 | 91 | 33 | 14 | 78 | 19 |  6 |  1 |  0 | 37 | 34 | 47 | 11 | 65 | 56 | 75 | 95 | 14
 60 | 87 | 90 | 33 | 29 | 37 | 98 |  2 | 95 | 66 | 97 | 76 | 28 | 37 | 54 | 39 | 40 |  8 | 48 | 71 | 51 | 72 | 61 | 30 |  5 | 32 | 58 | 21 | 73 |  6 |  6 | 65 | 81 | 23 | 59 | 58 | 61 | 23 | 92 | 15 |  1 | 82 | 80 | 79 | 76 | 71 | 24 |  7 | 51 | 70 | 13 | 87 |  3 |  3 | 45 | 87 |  0 |  6 | 26 | 98 | 34 | 96 | 50 | 33 | 48 | 92 |  1 | 37 | 62 | 34 | 95 | 69 | 12 | 69 | 98 | 61 | 72 | 70 |  4 |  0 |  8 | 30 | 87 | 46 | 57 |  1 | 33 | 62 | 96 | 43 | 88 | 46 | 65 | 32 | 34 | 53 | 86 | 58 |  9 | 14
 74 |  5 | 43 | 11 | 36 |  3 | 80 | 25 | 45 | 19 | 73 | 22 | 80 | 98 | 29 | 64 | 97 | 70 | 97 |  2 | 72 | 28 | 26 | 53 | 18 | 87 | 42 | 76 | 34 | 74 | 10 | 29 | 83 | 42 | 36 | 38 | 38 | 70 | 73 |  9 | 61 | 58 | 68 | 86 | 73 | 55 | 53 | 98 | 31 | 44 | 73 | 45 | 59 | 31 | 75 | 20 | 29 | 38 | 35 | 37 | 24 | 33 | 41 | 87 |  3 | 23 | 73 | 57 | 54 |  1 | 44 | 33 | 47 | 61 | 56 | 52 | 69 | 81 | 64 | 74 | 37 | 50 | 63 | 35 |  3 | 10 | 89 | 78 |  5 |  6 | 84 | 63 | 81 | 58 | 40 | 50 |  1 | 18 | 16 | 62
 17 | 38 |  3 | 72 | 42 | 39 | 27 | 93 | 92 | 93 | 15 | 42 | 51 | 91 | 61 | 71 | 67 | 39 | 28 | 19 | 34 | 26 | 23 | 94 | 49 |  7 | 69 | 50 | 31 | 45 | 75 | 47 | 22 | 24 | 66 | 49 | 66 | 74 |  8 | 81 | 95 | 22 | 92 | 53 | 67 | 64 | 97 | 72 | 45 | 58 | 78 | 56 | 19 | 40 | 37 | 34 | 43 |  5 | 66 | 32 |  8 | 35 | 21 | 32 |  1 | 17 | 22 | 66 | 24 | 72 | 13 | 97 | 74 |  3 | 23 | 62 | 65 | 88 | 17 | 73 | 11 | 54 | 85 | 12 | 44 | 13 | 60 | 30 | 25 |  5 |  8 | 20 | 93 | 38 | 25 | 22 | 34 | 31 | 44 | 41
 22 | 43 |  7 | 75 |  7 |  2 | 12 | 61 | 69 | 73 | 82 | 45 | 87 | 58 | 27 | 23 | 53 | 77 | 12 | 68 |  5 | 71 | 14 |  9 | 16 | 44 | 18 | 89 | 85 | 98 | 11 | 90 | 21 |  7 |  1 | 61 | 16 | 57 | 97 | 25 | 25 |  2 | 89 | 40 | 38 | 76 |  1 | 80 | 64 | 98 | 49 |  0 | 66 | 84 | 65 | 79 | 16 | 32 | 78 | 79 | 53 | 59 | 65 | 17 |  6 | 23 | 70 |  3 | 60 | 52 | 36 | 99 |  4 | 43 | 27 | 55 | 95 | 39 | 38 | 84 |  7 | 67 | 52 | 97 | 19 | 77 | 47 | 37 |  4 | 45 | 46 | 43 | 58 | 80 | 86 | 40 | 88 | 48 | 98 | 60
 45 | 10 | 16 | 97 | 34 | 87 | 46 | 32 | 94 | 80 | 44 | 31 | 78 | 22 | 24 | 19 | 76 | 96 | 30 | 85 | 62 | 87 | 56 | 94 | 48 | 88 | 99 | 39 | 24 | 10 | 44 | 47 | 64 | 17 | 86 | 28 | 52 | 10 | 58 | 77 | 53 | 37 | 65 | 26 | 31 | 88 | 27 | 22 | 51 | 76 | 56 |  7 | 53 | 49 |  5 | 88 | 32 | 39 | 95 | 24 | 66 | 19 | 38 | 89 | 61 | 63 | 13 | 57 | 84 | 54 | 64 | 99 | 61 | 82 | 79 | 13 | 86 | 43 | 38 | 78 | 89 | 58 | 68 | 90 | 68 | 56 | 36 | 33 | 37 |  5 | 89 | 39 | 36 | 97 | 95 | 19 | 18 | 19 | 75 | 78
 52 | 46 |  2 | 85 |  4 | 67 |  8 | 37 | 65 | 13 | 26 | 29 | 17 | 14 | 52 | 61 | 89 | 44 | 50 | 18 | 91 | 91 | 99 | 79 | 20 | 31 | 64 | 83 | 73 | 27 | 61 | 18 | 98 | 29 | 22 | 91 |  5 |  7 | 63 | 30 | 51 | 91 | 61 | 60 | 15 | 13 | 10 | 55 | 84 | 55 | 45 | 70 | 30 | 71 | 42 | 38 | 96 | 52 | 96 | 81 | 54 | 26 |  9 | 67 | 44 | 26 | 86 | 63 | 94 | 80 |  4 | 19 | 78 | 76 | 42 |  4 | 25 | 98 | 55 |  8 | 23 | 63 | 79 | 40 | 30 | 59 | 71 | 85 | 80 | 44 | 30 | 30 | 46 | 93 | 66 | 34 | 68 | 25 | 90 | 79
  7 | 53 | 35 | 62 | 37 | 43 | 60 | 60 | 72 | 99 | 38 | 68 | 19 | 23 | 51 |  2 | 65 | 89 | 18 | 56 | 97 | 72 | 22 | 53 | 77 | 16 | 69 | 20 |  8 | 91 | 20 | 22 |  4 | 36 | 16 |  6 | 12 | 35 | 69 | 50 | 17 | 63 | 87 | 41 | 94 | 46 | 23 | 91 | 90 | 39 | 82 | 81 | 84 | 38 | 81 | 89 | 34 | 91 | 57 | 26 | 96 |  4 | 20 | 68 | 12 | 56 |  5 | 74 | 45 | 81 | 99 | 91 | 34 | 15 | 85 | 54 | 75 | 94 | 49 | 61 | 50 | 64 | 22 | 31 |  6 | 58 | 41 | 35 |  3 | 42 |  3 | 79 |  7 | 17 | 96 | 13 | 99 | 64 | 23 | 76
 18 | 39 | 86 | 99 |  8 | 36 | 60 | 49 |  6 |  8 | 41 | 58 |  8 | 64 | 93 | 85 | 14 | 73 | 51 |  5 | 28 | 65 | 76 | 87 | 40 | 45 | 37 | 11 | 66 | 57 | 45 | 39 | 64 | 64 | 25 | 12 | 67 | 81 | 15 | 96 | 93 | 56 | 55 | 36 |  7 | 72 | 93 | 34 |  7 | 74 | 99 | 21 |  5 | 99 | 21 | 20 | 23 | 77 | 69 | 47 | 66 | 32 | 14 | 72 |  1 | 97 | 54 | 36 | 27 |  2 | 68 | 36 | 69 |  6 |  5 | 85 | 49 | 71 | 46 |  0 | 41 | 59 | 49 | 23 | 92 | 28 | 72 |  7 | 45 |  9 | 27 | 29 | 54 | 65 | 82 | 46 | 99 | 89 | 59 | 31
 73 | 12 | 24 | 48 | 90 | 23 | 96 | 86 |  7 | 28 | 99 | 85 | 43 | 15 | 16 | 12 | 49 | 91 | 82 | 71 |  5 |  8 | 55 |  8 | 52 | 11 | 76 | 11 | 59 | 37 |  4 |  2 | 58 | 67 | 77 | 36 | 44 | 99 | 93 | 95 | 53 | 66 | 55 | 41 | 64 | 20 | 53 |  5 |  3 | 37 | 87 | 80 | 94 |  1 | 32 | 23 | 47 | 29 | 87 | 22 | 25 | 58 | 88 | 30 | 29 | 76 | 24 | 52 |  2 | 95 |  0 | 52 | 17 | 48 | 22 | 69 | 53 | 74 | 75 | 34 | 36 | 92 | 85 | 26 |  2 | 80 | 20 | 69 |  9 | 38 | 85 |  6 | 22 | 78 | 26 | 20 | 80 | 30 | 17 | 28
 79 | 20 | 81 |  6 | 70 | 91 | 94 | 41 | 51 | 58 | 98 | 46 | 98 | 53 | 48 | 28 | 41 | 43 | 39 | 92 | 37 | 94 | 63 | 42 | 15 | 47 | 54 | 78 | 26 | 65 | 33 | 52 | 26 | 28 | 89 | 79 | 33 | 13 | 52 | 48 | 17 |  7 | 12 | 54 | 44 | 15 | 58 | 62 |  7 | 54 | 68 |  7 | 30 | 88 | 97 | 77 | 94 | 89 | 61 |  8 |  7 | 42 | 70 | 51 | 50 | 40 | 33 | 42 |  7 | 87 | 91 | 73 | 78 | 22 | 69 | 89 |  5 |  8 | 61 | 11 | 54 | 32 | 68 | 45 | 80 | 76 | 41 | 52 | 88 | 65 | 46 | 43 | 12 | 58 | 71 | 12 | 54 | 96 | 64 | 26
 30 | 40 | 76 | 84 | 95 | 96 |  7 | 95 | 67 | 77 | 55 | 50 |  1 | 57 | 33 | 20 | 94 | 31 | 38 | 69 | 96 | 64 | 94 | 91 | 31 | 77 | 65 | 20 |  4 | 29 | 89 | 52 | 62 | 62 | 16 | 61 | 70 | 71 | 90 | 39 | 92 | 71 | 97 | 44 | 58 | 11 | 65 | 23 | 36 | 21 | 65 | 75 | 50 | 25 | 90 | 12 | 33 | 88 | 46 | 28 | 21 | 61 |  4 | 86 | 92 | 46 | 70 | 45 | 64 | 17 | 76 | 50 | 54 | 66 | 38 | 79 | 86 | 39 | 72 | 42 |  3 |  7 | 95 | 69 |  2 | 76 | 41 | 21 | 62 | 91 | 64 | 43 | 98 | 29 | 59 | 24 | 70 | 55 | 73 |  2
 46 | 40 | 13 | 82 |  3 | 13 | 84 | 14 | 71 | 32 | 94 |  7 | 12 | 75 | 88 | 37 | 31 |  7 | 39 |  7 | 71 |  4 | 48 | 48 | 43 | 34 | 47 | 98 | 63 |  9 | 90 | 29 | 65 |  7 | 57 |  2 | 55 |  4 | 75 | 62 | 32 | 44 | 53 | 58 | 26 | 84 |  7 | 15 | 82 | 54 | 39 | 91 | 66 | 96 | 54 | 36 | 41 | 14 | 13 |  4 | 40 |  2 | 92 | 72 | 52 |  7 | 14 | 99 |  2 | 73 |  0 | 92 | 49 | 22 | 26 | 39 | 98 | 46 | 59 | 73 | 26 | 25 | 65 | 96 | 87 | 43 | 35 | 83 | 55 | 43 | 91 | 65 | 79 | 40 | 60 | 76 | 39 | 27 |  8 | 33
 56 | 14 | 26 | 58 | 16 | 74 | 45 | 20 | 38 | 27 | 56 | 21 | 44 | 39 | 41 | 50 |  8 | 18 | 39 | 36 | 33 | 57 | 69 |  7 | 98 |  4 | 15 | 53 |  9 | 58 | 78 | 82 |  8 | 25 | 60 | 54 | 24 | 50 | 26 | 37 | 11 | 73 | 13 | 49 | 40 | 93 | 48 | 13 | 61 | 91 | 29 | 28 | 56 | 99 | 75 | 69 | 15 | 44 | 66 | 84 | 69 | 27 | 91 | 45 | 22 | 85 | 34 | 88 | 61 | 56 | 12 | 64 | 58 | 63 | 56 | 85 | 73 | 56 |  4 | 21 | 92 | 68 | 30 | 21 |  5 | 97 | 88 | 34 | 27 | 89 | 92 | 38 | 48 | 51 | 92 | 46 | 43 | 42 | 11 | 92
 46 | 90 | 52 |  7 | 36 | 88 | 66 | 77 | 22 | 88 | 70 | 71 | 32 | 47 |  2 | 72 | 48 | 60 | 76 | 86 | 21 | 89 | 43 | 23 | 21 | 15 | 66 | 75 | 40 | 39 | 19 | 45 | 78 |  4 |  0 | 23 | 94 | 49 | 45 |  9 | 70 | 79 | 80 | 12 |  3 |  4 | 35 | 23 | 62 |  4 | 60 | 90 |  5 | 79 | 69 | 54 | 55 | 83 | 37 | 51 | 67 | 60 | 16 | 32 | 22 | 89 | 38 | 64 | 64 | 86 |  2 | 28 | 12 | 19 | 99 | 80 | 39 | 96 | 71 | 18 | 73 | 99 | 97 |  2 | 66 | 69 | 69 | 54 | 84 | 21 | 81 |  9 | 55 | 96 | 66 | 16 |  7 | 89 | 29 | 45
 82 | 32 | 74 | 12 | 96 | 91 |  5 | 38 | 44 | 99 | 50 | 43 | 23 | 43 | 97 | 98 | 51 | 57 | 76 | 75 |  7 | 57 | 75 | 14 | 21 | 47 | 53 | 49 | 59 | 32 | 88 | 42 | 34 | 87 | 63 | 48 | 78 | 89 | 90 | 60 | 61 | 66 | 84 | 95 | 61 | 65 | 57 | 31 | 76 | 70 | 54 | 43 | 11 | 59 | 62 | 97 | 12 | 38 | 14 | 94 | 55 | 99 | 85 |  8 | 26 | 20 |  1 | 47 | 11 | 58 | 93 | 28 | 81 |  7 | 51 | 70 | 61 | 43 | 25 | 13 | 60 | 30 | 25 | 36 | 18 | 44 | 44 | 23 | 65 | 68 | 98 | 83 |  2 |  7 | 67 | 16 | 75 |  2 | 42 | 76
 56 | 65 | 61 | 59 | 60 | 99 | 15 | 79 | 63 | 57 | 85 | 25 | 78 | 39 | 29 | 75 | 59 |  2 |  4 | 72 | 99 | 78 | 50 | 94 | 41 | 15 |  8 | 33 | 38 | 47 | 78 | 18 | 14 | 88 | 23 | 52 | 81 | 24 | 80 | 91 | 42 | 60 | 71 | 41 | 48 | 97 | 93 | 52 | 74 | 54 | 45 | 57 | 25 | 48 | 21 | 54 | 77 | 71 | 88 | 10 | 45 |  0 | 75 | 58 | 93 | 39 | 99 | 68 | 19 | 17 | 51 |  1 | 97 | 79 |  6 | 95 | 36 | 43 | 41 | 72 | 32 | 35 | 62 | 60 | 87 | 20 | 99 | 69 | 33 | 63 | 86 |  5 | 81 | 34 | 43 | 92 | 86 |  0 | 33 | 26
 52 | 60 | 41 | 14 | 70 | 41 | 59 | 52 | 89 | 15 | 16 | 31 | 80 | 96 | 34 | 97 | 26 | 41 | 73 | 77 | 29 | 15 |  9 | 21 | 71 | 76 | 25 | 63 | 87 | 97 | 43 | 33 | 82 | 83 | 86 | 69 | 86 | 16 | 36 | 24 | 95 | 42 | 39 |  8 | 17 | 33 | 41 |  4 | 67 | 33 | 13 | 26 | 90 | 90 | 41 | 83 |  8 | 61 | 11 | 18 | 25 | 89 |  7 | 33 | 88 |  1 | 91 | 76 | 23 | 95 | 92 | 96 | 60 | 60 | 81 | 92 | 93 | 46 | 12 | 47 | 36 | 92 | 80 | 79 | 67 | 32 | 17 | 27 | 91 |  9 | 80 | 97 | 26 | 84 | 70 | 79 | 99 | 70 |  6 | 82
  0 | 90 | 69 | 84 | 21 | 49 | 69 | 24 | 30 | 16 | 88 | 70 | 96 |  8 | 62 | 41 |  2 | 25 | 24 | 20 |  2 | 27 | 65 | 40 | 96 | 89 | 70 | 38 |  2 | 74 | 22 | 64 | 97 | 54 | 54 | 19 | 77 | 99 | 13 | 76 | 70 | 13 | 19 | 44 | 10 |  7 | 30 | 15 | 99 | 80 | 24 |  7 | 95 | 36 | 41 | 22 | 32 | 68 | 97 | 15 | 62 | 28 | 89 | 44 | 95 | 33 | 71 | 50 | 43 | 99 | 59 | 44 | 52 | 24 | 81 | 70 | 32 | 29 | 26 | 77 | 32 | 46 |  5 | 76 | 20 | 21 | 45 | 14 | 61 | 43 | 74 |  3 | 76 | 15 | 65 | 29 | 44 | 39 | 90 | 80
 37 | 52 | 68 | 69 |  4 |  6 | 19 | 77 | 22 | 16 | 67 | 82 | 76 | 48 | 54 | 57 | 64 | 12 | 11 | 68 | 97 |  7 | 62 | 59 | 48 | 45 | 86 | 80 | 55 | 50 | 67 | 18 | 87 | 13 | 16 | 90 | 72 | 74 | 19 | 74 | 81 | 38 | 84 | 94 | 56 | 45 | 59 | 35 | 27 | 82 | 39 | 26 | 29 | 67 | 92 |  4 | 92 | 34 | 67 |  1 | 15 | 30 |  3 | 64 | 62 | 56 | 25 | 11 | 66 | 97 | 95 |  2 | 16 | 37 | 79 | 35 | 33 | 22 | 33 |  1 | 11 | 78 | 86 | 53 | 28 | 15 | 20 | 49 | 58 | 17 | 17 | 54 | 32 | 84 | 35 | 16 | 28 | 63 | 12 | 99
 30 | 33 | 15 | 28 | 31 | 98 |  7 | 70 |  2 | 95 | 64 | 18 | 45 | 70 | 76 |  1 | 89 | 14 |  8 | 44 | 81 | 79 | 91 |  5 | 99 | 25 | 43 |  0 | 34 | 37 | 72 | 13 | 45 | 85 | 37 | 56 | 39 | 45 | 89 |  5 | 28 | 52 | 86 | 14 | 24 | 28 | 48 | 93 | 85 | 25 | 30 | 57 | 60 | 13 | 60 | 82 | 87 | 81 | 93 | 27 | 19 | 41 | 77 | 40 | 50 | 79 | 85 | 66 | 98 | 61 | 44 | 17 | 93 | 13 | 84 |  4 | 86 | 27 | 14 | 27 | 57 | 41 |  5 | 70 | 58 |  3 |  5 | 76 | 63 | 12 | 97 | 75 | 41 | 67 |  3 | 76 | 91 | 68 | 36 | 75
 83 | 36 | 48 |  9 | 83 | 16 | 18 | 31 |  2 | 70 | 55 | 21 | 22 | 60 | 50 |  9 | 28 | 36 | 43 | 49 | 31 | 60 | 96 | 97 | 40 | 21 | 86 | 22 | 91 | 67 | 41 | 29 | 64 | 34 | 18 | 90 | 86 | 29 | 68 | 39 | 98 | 45 | 31 | 64 | 11 | 75 | 61 | 90 | 65 | 30 | 69 | 78 | 96 | 28 | 79 | 50 | 14 | 38 |  1 |  3 | 52 |  4 | 69 | 11 | 29 | 93 | 23 | 73 | 26 | 86 | 14 | 65 |  1 | 97 | 28 |  4 | 28 | 92 | 22 | 98 | 82 | 96 | 31 | 23 | 63 | 72 | 17 | 55 | 34 | 24 | 57 | 20 | 77 | 99 | 76 | 80 | 17 | 43 | 15 | 10
 14 | 48 | 32 | 57 |  4 | 33 | 17 | 61 | 37 | 76 | 34 | 87 | 11 | 20 | 28 | 14 | 47 | 31 | 24 | 76 | 69 | 20 | 35 | 17 | 17 | 74 | 96 | 40 | 84 | 51 | 89 | 41 | 30 | 93 | 22 | 23 | 69 | 49 | 47 | 56 | 69 | 13 | 68 |  2 | 31 | 71 | 24 | 72 | 17 | 71 | 46 | 29 | 50 | 90 | 34 | 83 | 46 | 82 | 62 | 19 | 93 | 97 | 70 | 76 | 25 | 20 | 55 | 94 | 41 | 79 | 61 | 76 | 64 |  8 | 54 | 34 | 15 | 34 |  3 | 46 | 64 | 62 | 74 | 10 | 47 | 34 | 50 | 73 | 56 | 56 | 47 | 88 | 25 | 63 | 18 | 96 | 53 | 93 | 50 | 22
 93 | 78 | 37 | 54 | 26 | 97 | 78 | 93 | 10 | 71 | 37 | 81 | 93 | 77 | 79 | 58 | 81 | 34 | 81 | 55 | 86 | 99 | 34 | 98 | 18 | 59 | 66 | 82 | 24 | 99 | 69 |  0 |  1 | 19 | 49 | 85 | 11 | 98 | 17 | 11 | 40 |  0 | 82 |  9 | 38 | 12 | 74 | 30 | 55 | 11 | 52 | 80 | 63 | 83 | 11 | 39 | 34 | 67 | 73 | 71 | 82 | 34 | 50 |  4 | 34 | 20 | 62 | 54 | 37 | 69 | 98 | 64 | 26 |  8 |  0 | 65 |  6 | 42 |  3 | 11 |  9 | 20 | 72 | 85 | 79 | 78 | 86 | 36 | 45 |  8 | 17 | 31 | 12 | 17 | 48 | 62 | 76 | 99 | 46 |  3
 20 |  7 | 73 | 22 | 43 | 80 |  8 | 27 | 43 | 87 | 55 | 49 |  8 | 62 |  6 | 10 | 89 | 11 | 32 | 54 | 46 | 47 | 94 | 68 | 69 | 21 | 16 | 50 | 70 | 51 | 14 |  8 | 37 | 65 | 29 | 32 | 92 | 60 | 45 | 85 | 24 | 17 | 95 |  3 | 42 | 24 | 83 | 48 | 36 | 47 | 57 | 39 | 97 |  4 | 63 | 51 | 30 | 42 |  0 | 11 | 91 | 46 | 91 | 96 |  5 | 93 | 16 |  7 |  7 | 34 | 74 | 28 | 74 | 73 | 33 | 34 | 66 | 43 | 22 | 17 | 94 | 87 | 95 | 84 | 83 |  6 | 93 | 71 | 76 | 80 | 68 | 99 | 37 | 61 |  3 | 76 | 99 |  6 |  7 | 63
 73 | 37 | 97 | 65 |  6 | 16 |  7 |  6 | 54 | 96 | 82 | 58 | 46 |  8 | 26 | 12 |  7 | 55 | 59 | 14 | 95 | 50 | 57 | 47 | 52 | 28 | 90 | 99 | 86 | 78 | 75 | 60 | 87 | 86 |  8 | 61 | 91 |  3 | 95 | 20 | 80 | 17 | 46 | 53 | 78 | 10 | 18 | 90 |  0 | 25 | 41 | 66 | 13 | 24 | 48 | 62 | 69 | 15 | 50 | 46 | 79 | 57 |  1 | 84 | 25 | 42 | 61 |  7 | 48 | 82 | 56 | 70 | 28 | 32 | 17 | 81 |  7 |  2 | 98 | 72 | 61 | 82 | 66 | 45 | 45 | 86 | 66 | 46 | 82 | 23 |  1 | 32 | 32 | 10 |  6 | 44 | 49 | 90 | 68 | 10
 59 | 21 | 89 | 25 | 26 | 26 | 52 | 81 | 26 |  1 | 44 | 55 | 21 | 32 | 62 | 51 | 79 | 22 |  5 | 36 | 38 | 19 | 74 | 47 | 45 | 92 |  3 | 98 | 33 | 46 | 20 |  7 | 16 | 53 | 21 | 36 | 98 | 33 | 10 | 57 | 76 | 70 |  0 | 71 | 33 | 87 | 43 | 44 | 76 | 30 | 78 | 79 | 62 | 83 | 28 | 12 |  2 | 35 | 81 |  6 | 11 | 95 | 32 | 10 | 84 | 50 | 18 | 66 | 52 | 51 | 34 | 94 | 47 | 67 | 28 |  0 | 83 | 66 | 20 | 54 |  3 | 59 | 91 | 22 | 97 | 88 | 87 | 65 | 31 | 67 | 13 |  2 | 56 | 45 | 19 | 69 | 95 | 27 | 26 | 51
 85 | 77 | 48 | 10 |  1 | 25 | 66 |  6 | 31 | 13 | 34 | 99 | 85 | 67 | 42 | 31 | 75 |  2 | 11 | 72 | 87 | 56 | 81 | 96 | 82 | 11 | 87 | 64 | 62 | 57 | 27 | 77 | 15 | 80 | 91 | 27 | 18 | 64 | 32 |  1 | 75 | 44 | 13 | 50 | 85 |  7 | 48 | 39 | 16 | 11 | 82 | 59 | 68 | 78 | 38 | 99 | 66 | 28 | 60 | 22 | 24 | 28 | 34 | 87 | 41 | 80 | 68 | 68 | 69 | 12 | 32 | 34 | 36 | 17 | 61 |  0 |  9 | 45 | 93 | 12 | 43 | 77 | 19 | 76 | 46 |  5 | 83 | 77 |  4 | 76 | 21 | 57 | 12 | 14 | 97 | 18 | 22 | 73 | 25 | 77
 19 | 68 | 13 |  3 | 78 | 28 | 62 | 76 | 35 | 88 |  2 | 42 | 29 | 12 | 22 | 77 | 30 | 29 | 75 | 19 | 86 | 46 | 89 | 36 | 39 | 74 | 41 | 52 | 88 | 63 | 55 | 73 | 42 | 77 | 25 | 93 | 41 | 30 | 17 | 59 | 68 | 50 | 43 | 72 | 68 | 80 | 34 | 34 | 52 |  1 | 54 | 45 | 94 | 18 | 13 | 72 | 20 | 73 | 31 | 99 | 71 | 29 | 26 | 15 | 78 | 37 | 15 | 38 |  9 | 84 |  2 | 45 | 17 | 38 | 49 | 35 | 69 | 23 | 35 | 70 | 74 | 99 |  6 | 27 | 33 | 74 | 91 | 37 | 12 | 36 | 59 |  7 | 61 | 17 | 29 |  3 | 99 | 30 | 51 | 11
 94 | 25 | 52 | 19 |  3 | 63 | 71 | 23 | 76 | 17 | 51 | 18 | 28 | 23 | 39 | 43 | 81 | 25 | 22 |  7 | 81 | 20 | 52 | 91 | 92 | 50 | 64 |  2 | 12 | 76 | 58 | 38 | 57 | 57 | 71 | 63 | 85 | 76 | 50 | 86 | 12 | 45 |  0 |  9 | 76 |  8 | 89 | 47 | 61 | 77 | 75 | 23 | 93 | 12 | 13 | 87 | 45 | 72 | 35 | 84 | 78 | 13 | 92 | 29 | 38 | 80 | 66 | 78 | 17 | 31 | 17 | 47 | 52 | 99 | 58 | 77 | 93 | 72 | 54 | 77 | 50 |  7 | 84 | 87 | 35 | 53 | 84 | 40 | 87 |  8 | 83 |  6 | 64 |  4 | 30 | 52 | 27 | 30 |  4 | 45
 27 | 69 | 20 | 47 | 15 | 13 | 43 |  0 | 79 | 80 | 45 | 73 | 97 | 77 | 70 | 77 | 51 | 87 | 30 |  7 | 20 | 58 | 35 |  4 | 13 | 66 | 90 | 10 | 49 | 50 | 99 | 97 | 19 | 31 | 69 | 16 | 85 |  6 | 37 | 55 | 95 | 38 | 74 | 32 | 81 | 64 | 92 | 85 | 13 | 36 | 53 | 89 | 71 |  8 | 85 | 17 | 45 | 23 | 76 | 61 | 79 | 90 | 19 | 29 |  5 | 94 | 16 | 65 | 59 | 66 | 22 |  2 | 26 | 10 | 52 | 83 | 83 | 19 | 12 | 88 | 13 | 99 | 29 | 87 | 97 | 73 | 97 | 34 | 78 | 89 | 42 | 56 | 81 | 24 | 23 | 21 | 59 | 35 | 53 |  8
 10 | 50 | 48 |  1 | 61 | 62 | 27 | 86 | 90 | 51 | 97 | 34 | 75 | 73 | 69 | 85 | 14 | 57 | 28 | 64 | 77 | 75 | 91 | 96 | 70 | 98 | 15 | 94 | 95 | 11 | 33 |  1 | 89 |  8 | 21 | 39 |  8 | 29 | 35 | 59 | 19 | 34 | 38 | 62 |  4 |  7 |  9 | 59 | 61 | 48 | 88 | 38 | 26 | 12 | 89 | 28 |  3 | 98 | 31 | 90 | 74 | 76 | 27 | 19 | 41 | 42 | 20 | 93 | 28 |  7 | 82 | 28 | 70 | 42 | 94 | 41 | 49 | 71 | 21 |  3 | 77 | 28 | 12 | 27 | 30 | 16 | 10 | 50 | 92 | 50 | 52 | 73 | 29 | 18 | 91 | 42 | 54 | 76 | 38 | 16
 98 | 71 | 53 |  1 |  1 |  6 | 71 | 39 | 93 | 56 | 47 | 91 | 13 | 14 | 64 | 93 | 33 | 58 |  5 | 56 | 43 | 37 | 30 | 59 | 24 | 15 | 71 | 83 | 22 | 62 | 46 | 45 | 92 | 19 | 40 | 71 | 30 | 98 | 10 |  9 | 74 |  2 | 66 | 56 | 59 | 25 | 69 | 57 | 68 | 78 | 96 | 94 | 17 | 46 | 52 | 70 | 31 | 28 | 25 | 22 | 48 |  5 | 81 | 38 | 96 | 39 | 97 | 40 | 62 | 39 | 17 |  9 | 26 | 41 | 79 | 97 |  8 | 66 | 59 |  1 | 31 |  9 | 91 | 58 | 24 | 39 | 25 | 12 | 36 |  5 | 75 | 84 | 58 | 17 | 68 | 30 | 42 | 98 | 25 | 70
 39 | 32 |  1 | 44 | 42 | 76 | 22 | 13 | 33 | 50 | 57 | 88 | 81 | 35 | 33 | 97 | 32 | 51 | 83 | 77 | 66 | 26 | 78 | 29 | 50 | 93 | 52 | 22 | 69 | 67 | 73 | 58 | 15 | 21 | 53 | 29 | 71 | 74 |  1 | 54 | 97 | 29 | 77 |  9 | 57 | 72 | 64 | 56 | 10 |  6 | 21 | 75 | 45 | 57 | 31 | 74 | 62 | 14 | 71 | 90 |  6 | 56 | 75 | 36 | 62 | 74 | 37 | 79 | 34 | 99 | 55 | 12 | 87 | 67 | 50 | 55 | 34 | 69 | 19 | 36 | 85 | 67 | 54 | 86 | 72 | 40 | 91 | 33 | 67 | 70 | 42 | 16 | 89 | 89 | 98 | 99 | 90 | 91 | 15 | 33
 60 | 50 | 48 | 19 | 68 | 24 | 81 | 18 | 89 | 44 | 46 | 87 | 41 |  4 |  2 | 36 | 30 |  4 | 26 | 88 | 93 | 19 | 75 | 54 | 88 | 91 | 31 | 53 |  4 | 37 | 94 | 85 | 64 | 44 | 74 | 82 | 67 | 71 | 24 |  9 |  5 | 34 | 50 | 16 | 22 | 93 | 99 |  7 |  7 |  2 | 92 | 88 | 70 | 58 | 19 | 10 | 77 |  6 | 86 | 91 | 77 |  1 | 95 | 56 | 26 | 11 | 97 | 41 | 84 | 32 | 86 |  7 | 88 | 79 | 59 | 26 | 80 | 34 | 29 | 59 | 59 | 71 | 29 | 59 | 98 | 28 | 21 | 54 | 10 | 45 | 31 | 93 | 51 | 81 | 49 | 85 | 19 | 15 | 16 | 50
 18 | 47 | 55 | 31 | 22 | 25 | 18 | 82 | 30 | 96 | 79 | 86 | 85 | 19 | 88 | 58 | 40 | 41 | 21 | 56 | 41 | 47 | 44 | 53 | 66 | 87 | 23 | 44 | 45 | 12 | 48 | 83 | 28 | 63 | 51 | 41 | 37 | 53 |  9 | 94 | 47 | 91 | 28 | 96 | 30 | 37 | 82 | 34 | 49 | 30 | 65 | 42 | 52 | 75 | 97 | 30 |  8 | 82 | 63 | 76 |  1 | 12 | 43 | 64 | 19 | 45 |  4 | 52 |  9 | 39 | 95 | 37 | 74 | 69 | 58 | 15 | 20 | 34 | 58 | 28 |  5 | 29 | 46 | 82 | 19 | 36 | 58 | 19 | 88 | 31 | 66 | 68 | 76 | 88 | 19 | 30 | 41 | 20 | 62 | 90
 83 | 28 | 84 | 80 | 65 | 36 | 81 | 10 |  8 |  1 | 95 | 90 | 90 | 73 | 68 |  0 | 94 | 18 | 27 | 58 | 41 | 95 | 78 | 38 | 64 | 96 | 26 |  4 | 30 | 37 | 11 | 62 | 23 | 45 | 28 | 58 | 44 |  4 |  6 | 51 | 64 | 94 | 37 | 21 | 82 | 25 | 40 |  7 | 18 | 61 | 87 | 48 | 54 | 28 | 13 | 48 |  6 | 20 | 34 | 10 | 60 | 61 | 32 | 48 | 80 | 21 | 39 | 52 | 97 | 59 | 17 | 83 | 68 | 49 | 31 | 48 | 72 | 29 | 87 | 63 | 55 | 52 | 87 |  6 | 17 | 21 |  4 | 52 | 58 | 56 | 43 | 99 | 30 | 86 | 80 | 31 | 96 | 48 | 30 | 10
 87 | 56 | 85 | 34 | 50 | 15 | 13 | 13 | 16 | 87 | 93 | 58 | 53 | 37 | 49 | 42 | 99 | 51 | 69 | 58 | 82 | 98 | 19 |  9 | 65 | 72 | 85 | 41 | 24 | 65 | 89 | 76 | 90 | 43 |  1 | 38 | 36 | 18 | 99 | 92 | 96 | 61 | 64 | 28 | 33 | 68 | 99 | 54 | 48 | 71 | 12 | 19 | 67 | 75 | 62 | 44 | 57 | 13 | 80 | 24 | 77 | 54 | 68 | 61 | 58 |  4 | 37 | 96 | 32 | 47 | 17 | 46 | 24 | 99 | 22 | 84 | 93 | 69 | 19 | 61 | 19 | 15 | 43 | 50 | 62 | 88 | 87 | 84 | 14 | 26 | 51 | 48 | 99 | 79 |  1 | 28 | 11 | 33 | 27 | 49
 27 | 64 | 47 | 82 | 54 | 88 | 18 | 75 | 50 | 31 | 33 | 46 | 26 | 34 | 24 | 69 | 52 | 94 | 38 | 14 | 50 | 62 | 23 | 15 | 68 | 36 | 52 |  2 | 49 | 23 | 79 | 83 | 24 | 41 |  8 | 51 | 32 | 31 | 71 | 72 | 96 | 25 | 11 | 39 | 14 | 48 | 40 | 64 | 46 | 98 | 29 | 82 | 87 | 52 | 54 | 16 | 15 | 33 | 80 | 13 | 92 | 97 |  7 | 60 | 91 | 24 | 47 | 68 | 66 | 49 | 35 | 79 | 87 | 49 | 99 | 10 | 67 | 39 |  0 | 83 | 92 | 80 | 99 | 79 | 90 | 64 | 66 |  1 | 71 | 99 | 33 | 57 | 41 | 45 | 92 | 68 | 42 | 14 | 70 | 55
 19 |  9 | 92 | 65 | 52 | 94 | 76 | 99 | 27 | 51 | 52 | 49 | 23 | 43 |  9 | 51 | 24 | 99 |  1 | 76 | 47 | 10 | 65 | 81 | 69 | 99 | 63 |  2 | 45 | 85 | 90 | 11 | 28 | 74 | 61 | 28 | 29 | 35 | 35 | 69 | 51 | 26 | 36 |  4 | 21 | 88 | 41 | 23 | 38 |  2 | 94 | 23 | 24 | 47 | 85 |  1 | 35 | 28 |  9 | 66 | 45 | 14 |  1 |  4 | 53 | 80 | 43 | 74 | 25 | 54 | 89 | 72 | 85 | 65 | 49 | 73 | 10 | 12 | 50 | 62 | 69 |  3 | 78 | 54 | 81 | 75 | 17 | 37 | 22 | 57 | 14 |  3 | 24 | 48 | 77 | 93 | 44 | 41 | 87 | 35
  2 | 76 | 99 | 60 | 65 |  6 | 47 | 56 | 72 | 31 | 14 | 55 | 78 | 81 | 13 | 77 | 41 | 48 |  1 | 77 |  1 | 16 | 12 | 50 | 75 | 87 |  0 | 72 | 38 | 74 | 76 | 97 | 89 | 42 | 38 |  5 | 42 | 38 | 65 | 43 | 90 | 31 | 28 | 18 |  6 | 53 | 36 | 94 | 48 | 40 |  7 | 64 | 17 | 11 | 74 | 11 | 12 | 95 |  7 | 36 | 74 | 51 | 46 | 60 | 17 | 97 | 61 | 49 | 38 | 31 | 63 | 56 | 16 | 41 | 14 | 28 | 56 | 89 | 42 | 29 | 58 | 99 | 82 | 10 |  9 | 14 | 16 | 68 | 97 | 40 | 64 | 81 | 47 | 74 | 26 | 29 | 76 | 12 | 19 | 84
 16 | 92 | 97 | 17 | 58 | 32 | 59 | 76 |  3 | 54 | 84 | 69 | 70 | 30 | 14 | 34 | 44 | 91 | 34 |  4 | 91 | 51 | 68 | 17 | 70 | 84 |  1 | 19 |  7 | 25 | 88 | 46 | 87 | 55 | 17 | 35 |  3 | 39 | 77 | 53 | 24 | 66 |  3 | 37 | 68 | 95 | 29 | 23 | 82 | 44 | 62 | 58 | 40 | 10 | 72 | 17 | 71 | 80 |  4 | 87 |  9 |  7 | 24 | 46 | 32 | 83 | 88 | 24 | 55 | 15 | 95 | 56 | 54 | 94 | 79 | 95 | 98 | 48 |  7 | 25 | 62 | 82 | 58 |  6 | 74 | 56 | 31 | 83 | 17 | 75 | 33 |  2 | 73 | 58 | 44 | 19 | 55 |  5 | 36 | 46
  3 | 98 | 66 | 17 | 75 | 67 |  9 | 59 | 64 | 87 | 29 | 54 | 23 | 18 |  9 | 62 | 39 | 28 | 80 | 43 | 52 | 74 | 87 | 17 | 46 | 22 | 32 | 97 | 61 | 73 | 21 | 75 | 14 | 16 |  8 | 62 | 16 | 13 | 14 | 53 | 53 | 38 | 42 | 36 | 35 | 87 | 72 |  7 | 51 | 23 | 35 | 67 | 76 | 71 | 35 | 91 | 17 | 30 | 72 | 13 | 53 | 44 | 32 | 89 | 48 |  7 | 63 | 94 | 90 | 28 | 59 | 74 | 81 | 56 | 54 | 67 | 67 | 96 | 24 | 43 | 74 | 83 | 11 | 15 | 29 | 85 |  7 | 14 | 24 | 69 | 99 | 24 | 62 | 91 | 10 | 83 | 99 | 72 | 86 | 97
 50 | 62 | 13 | 97 | 67 | 57 | 51 |  3 | 75 | 93 | 55 | 73 | 27 |  9 | 82 |  3 | 22 |  1 |  4 | 73 | 92 | 73 | 88 | 64 | 98 | 35 | 94 | 17 | 68 | 44 | 58 | 67 | 72 | 34 | 24 | 92 | 33 | 74 | 42 | 73 | 15 | 61 | 71 |  2 | 12 | 92 | 45 | 99 | 75 | 57 | 45 | 34 | 93 | 43 | 51 | 16 | 23 |  2 | 90 | 74 | 45 | 88 | 21 | 73 | 64 | 74 | 21 | 76 | 23 | 35 | 28 | 16 | 83 | 41 | 30 | 67 | 66 | 80 | 26 | 42 | 89 | 40 | 27 | 55 | 32 | 88 | 74 | 14 | 57 |  9 | 74 | 58 | 37 | 31 | 42 | 35 | 94 | 82 | 42 | 78
 57 | 70 | 94 | 45 | 77 | 76 |  3 | 90 | 45 | 61 |  7 | 86 | 41 | 15 | 18 | 16 | 60 | 91 | 70 | 72 | 99 | 70 |  6 |  6 | 99 |  0 |  0 | 34 | 52 | 26 | 90 | 46 | 97 | 42 | 28 | 33 | 89 | 86 | 54 | 59 | 25 | 76 | 66 | 69 |  4 | 76 | 73 | 83 |  3 |  6 | 63 | 29 | 86 | 31 | 83 | 31 |  9 |  8 | 98 | 40 | 31 | 49 |  6 | 60 | 52 | 98 | 64 | 29 | 13 | 56 | 53 | 27 | 34 | 53 | 62 |  7 | 92 | 25 | 72 | 91 | 31 | 72 | 91 | 26 | 58 | 25 |  7 | 85 | 58 | 42 | 97 | 69 | 35 | 10 | 75 | 87 | 96 | 55 | 51 | 94
 92 | 66 |  7 | 46 |  2 | 73 | 31 | 16 | 32 | 74 | 88 | 54 | 37 | 57 | 36 |  9 | 70 | 62 | 80 | 55 | 65 | 96 | 86 | 70 | 10 | 53 | 54 | 47 | 20 |  0 | 47 | 65 | 72 | 29 | 23 | 17 | 47 | 52 |  6 | 52 | 54 | 68 | 72 |  1 | 50 | 26 | 86 | 53 | 13 | 29 | 32 | 77 | 17 | 12 | 61 | 26 |  3 | 92 | 22 | 17 |  2 | 23 | 36 | 41 |  1 | 67 | 88 | 68 | 72 | 56 | 76 | 81 | 16 | 42 | 78 | 34 | 72 | 33 |  8 | 11 | 66 | 30 | 61 | 74 | 44 | 61 | 42 | 87 | 43 | 26 | 63 | 47 |  6 | 72 | 72 | 99 | 33 |  4 | 78 | 61
  2 | 33 | 51 | 78 | 48 | 97 | 93 | 14 | 38 | 38 | 59 | 93 | 72 | 39 |  7 | 27 |  1 | 36 |  9 | 28 | 51 | 80 | 61 | 11 |  9 | 32 | 49 | 30 | 76 | 88 | 97 | 18 | 30 | 78 | 71 | 40 | 19 | 99 |  8 | 71 | 99 | 54 | 18 | 61 | 39 | 90 | 49 | 64 | 93 | 82 | 62 | 31 | 71 | 71 | 35 | 78 | 41 | 31 | 91 |  2 | 48 | 37 | 32 | 77 |  4 | 19 | 21 | 34 | 36 | 11 |  8 | 40 | 38 |  8 | 38 | 60 | 70 | 77 | 28 | 74 | 12 | 37 | 15 | 90 | 26 | 94 | 91 | 12 | 67 | 70 | 76 | 49 | 70 |  8 | 36 | 65 | 28 | 29 | 90 | 65
 61 | 38 | 85 | 16 | 98 | 37 | 27 | 67 |  9 | 95 | 89 | 53 |  4 | 14 | 97 | 45 |  5 | 37 | 94 | 90 | 79 | 79 | 71 | 82 | 79 | 94 | 41 | 11 | 91 | 59 | 40 | 70 | 58 | 13 | 82 | 45 | 50 |  9 | 58 | 64 | 19 | 92 | 59 | 66 | 64 | 96 |  2 | 36 | 63 | 24 | 77 | 52 | 22 | 96 | 11 | 30 | 66 | 47 | 90 | 64 | 22 |  2 |  6 | 38 | 62 | 91 | 54 | 30 | 76 | 58 | 97 | 40 | 85 | 58 | 36 | 39 | 51 | 59 | 40 | 86 | 64 | 76 | 67 | 73 | 40 | 71 | 84 |  1 | 40 | 21 | 95 | 56 | 69 | 80 | 23 | 54 | 74 | 81 | 63 | 69
 77 | 59 | 61 | 19 | 39 | 27 | 17 | 75 | 29 | 22 | 33 |  9 | 28 |  2 | 38 | 62 | 53 |  1 | 53 | 69 | 20 | 41 | 23 | 74 |  6 | 55 | 75 | 68 | 83 | 96 | 87 | 10 | 14 | 17 | 94 |  7 | 12 | 17 | 42 | 98 | 37 | 23 | 19 | 40 | 20 | 13 | 86 | 80 | 50 | 78 | 97 | 91 | 41 |  4 |  6 | 67 | 57 | 63 | 68 | 90 |  6 | 31 | 68 | 40 | 63 | 85 | 80 | 67 |  7 | 84 | 66 | 14 | 76 | 15 | 98 | 92 | 56 | 63 | 37 | 92 | 17 | 77 | 86 | 41 |  1 | 97 | 70 | 74 | 56 | 81 | 32 |  7 | 64 | 65 | 71 | 95 |  4 |  8 | 68 | 24
  5 |  5 | 54 |  7 | 31 | 90 | 87 | 40 | 35 | 12 | 69 | 37 | 82 | 53 | 64 | 72 | 22 | 41 | 99 | 76 | 23 |  5 | 45 | 31 | 75 | 85 | 79 | 91 | 32 | 87 | 32 | 86 | 90 | 91 |  6 | 52 |  8 | 31 | 10 | 24 | 95 | 16 | 72 | 24 | 89 | 81 | 79 | 11 | 35 | 66 | 21 | 77 | 71 | 71 | 81 | 65 | 70 | 44 |  4 | 88 | 90 | 79 | 50 | 97 | 97 | 12 | 99 | 57 |  8 | 83 | 12 | 82 |  1 | 41 | 17 | 60 | 96 | 99 | 16 | 63 | 99 |  2 |  8 |  7 | 31 | 83 | 88 | 97 | 44 | 33 | 30 | 73 | 32 |  5 | 10 | 11 | 92 | 65 | 63 | 29
  9 | 51 | 91 | 10 | 45 |  3 | 68 | 90 | 99 |  1 | 73 | 55 | 38 |  4 | 19 | 48 | 12 | 81 | 83 | 23 | 24 | 85 | 80 | 70 |  8 |  3 | 42 | 94 | 72 | 50 | 76 | 67 | 93 | 30 | 68 | 38 | 84 | 35 |  1 | 75 | 81 | 32 | 50 | 98 |  3 | 97 | 56 | 92 | 75 | 22 | 83 | 87 | 62 |  2 |  0 | 74 | 75 | 85 | 72 | 48 | 91 | 81 | 84 | 74 | 79 | 44 | 66 | 42 | 97 | 70 | 65 | 85 | 79 | 23 | 71 | 74 | 64 | 43 | 46 | 16 | 43 | 96 | 48 | 54 | 56 |  6 | 83 | 13 | 29 | 39 |  5 | 61 | 12 | 21 | 49 |  2 | 97 | 31 | 27 | 73
 64 | 65 | 54 | 26 | 92 | 47 | 24 | 48 | 20 | 42 | 54 | 89 | 25 | 59 | 62 | 99 | 96 | 18 |  1 | 31 | 74 | 42 | 29 | 87 | 81 | 37 | 20 | 17 | 77 | 33 | 50 | 13 | 77 | 31 | 12 | 84 | 97 | 95 | 30 |  8 | 42 | 50 | 14 | 95 | 74 | 97 | 27 | 33 | 35 | 59 | 77 | 99 | 98 |  3 | 50 | 39 | 33 | 84 | 33 | 89 | 63 | 24 | 48 | 59 | 71 |  4 | 62 | 97 | 97 | 85 | 41 | 28 | 33 | 25 | 91 | 93 | 64 | 10 | 92 | 42 | 80 | 77 | 71 | 49 | 89 | 31 | 42 | 22 | 13 | 15 | 25 |  8 | 61 | 60 | 42 | 31 | 84 | 32 | 55 | 57
 99 | 91 | 51 | 53 | 18 | 99 | 60 | 92 | 97 | 26 | 99 | 58 | 18 | 98 | 98 | 35 | 71 | 28 | 33 | 78 | 30 | 14 | 89 | 28 |  2 | 48 | 68 | 97 | 33 | 89 | 53 | 26 | 11 | 98 | 46 | 18 | 60 | 70 | 21 | 56 | 29 | 35 | 65 | 53 | 52 |  6 | 65 | 16 | 64 |  6 |  8 | 64 | 33 | 54 | 39 | 30 | 32 | 52 | 16 | 37 | 31 | 17 | 28 | 88 | 58 | 81 | 69 | 78 | 95 | 30 | 29 | 32 | 30 | 53 | 69 | 60 | 83 | 41 | 40 | 68 | 65 | 31 | 40 | 53 | 13 | 77 | 12 | 14 | 34 | 12 | 92 | 22 | 11 | 89 | 90 | 18 | 39 | 13 | 14 | 78
 99 |  3 | 56 |  1 | 56 |  5 | 90 | 15 | 94 | 29 | 41 | 16 | 68 | 90 | 49 | 58 | 27 |  8 | 85 | 16 | 67 | 91 |  6 | 19 | 88 | 98 | 44 | 83 | 99 | 94 | 45 | 37 | 73 | 22 | 72 | 64 | 58 | 39 | 48 | 25 | 77 | 35 | 50 | 99 | 89 | 82 | 80 | 82 | 50 | 86 | 24 | 48 | 34 | 56 | 85 | 28 | 41 | 72 | 60 | 62 | 21 |  2 | 40 | 62 | 63 | 19 | 56 | 37 | 12 | 63 | 82 | 67 | 74 | 36 | 57 | 48 | 37 | 39 |  9 | 96 | 56 | 19 | 56 | 65 | 69 | 71 |  5 | 31 | 19 | 14 | 85 | 95 | 54 | 82 | 57 | 88 | 91 | 52 | 31 | 86
 72 |  4 | 52 |  2 | 50 | 27 | 19 |  1 | 90 | 67 | 77 | 37 | 10 | 74 | 62 | 55 | 64 | 22 | 62 | 79 | 75 | 67 | 65 | 51 | 63 | 42 | 30 | 36 | 26 | 46 | 21 | 75 | 46 | 95 | 56 | 25 | 87 | 45 | 57 | 38 | 14 | 11 | 40 | 35 |  3 | 78 |  5 | 57 |  0 | 70 | 49 |  1 | 25 |  1 | 97 | 32 | 97 | 90 | 87 |  6 | 66 | 65 | 35 | 52 |  9 | 90 | 89 | 27 |  0 | 23 | 69 | 36 | 92 | 52 | 57 | 63 | 97 | 57 | 69 | 99 | 22 | 17 | 78 | 27 | 24 | 32 | 11 | 89 | 89 | 84 | 92 | 89 | 59 | 11 | 79 | 44 | 22 | 95 | 12 | 96
 92 | 69 | 66 | 59 | 89 | 24 | 92 | 14 |  8 | 90 | 38 | 68 | 26 | 14 |  9 | 55 | 83 | 56 | 71 | 76 | 81 | 17 | 16 |  2 | 36 | 39 | 85 | 93 | 94 | 32 | 53 | 32 | 12 | 61 | 45 | 65 | 36 | 53 | 44 | 96 | 99 | 97 | 87 | 98 | 77 | 78 | 19 | 25 | 93 | 20 |  3 | 15 | 71 | 19 | 27 | 55 | 76 |  7 | 78 |  6 | 60 | 25 | 31 | 93 | 59 | 81 | 73 | 43 | 40 | 30 |  6 | 64 | 12 | 44 |  6 | 87 | 54 | 44 | 84 | 29 | 89 |  4 | 45 | 99 | 86 | 86 | 13 | 36 | 97 | 46 | 50 | 33 | 82 | 15 |  8 | 63 | 97 | 67 |  8 | 70
 22 | 98 | 44 | 70 | 20 | 74 | 45 | 40 | 12 | 38 | 95 | 43 | 27 | 43 | 30 | 14 | 79 | 40 | 19 | 24 | 68 | 56 | 78 | 72 | 83 | 90 | 62 | 48 |  4 | 83 | 31 | 99 | 75 | 75 |  4 | 32 | 98 | 73 | 90 | 31 | 78 | 78 | 91 | 83 | 97 | 62 | 86 | 80 | 54 |  5 | 24 | 31 | 48 | 26 | 52 | 99 | 96 | 50 | 87 | 96 | 38 | 30 | 22 | 66 | 50 | 93 | 41 | 42 | 29 | 45 | 52 | 98 | 64 | 93 | 25 | 87 | 50 | 40 | 62 | 32 | 14 | 13 | 26 | 59 | 50 | 79 | 39 | 18 | 49 | 93 | 16 | 36 | 33 | 67 | 42 | 26 | 69 | 68 | 79 | 88
 28 | 25 | 96 | 59 | 14 | 79 | 51 | 20 | 59 |  4 | 84 | 13 | 33 | 37 | 65 | 94 | 30 | 45 | 62 | 44 | 67 | 29 | 75 | 53 | 22 | 63 | 50 | 15 | 59 | 91 | 87 |  3 | 95 | 12 | 83 | 49 | 65 | 66 | 34 | 10 |  2 | 39 | 33 | 96 | 54 | 39 | 68 | 12 | 98 | 55 | 14 |  1 | 99 | 11 | 53 | 80 | 80 | 80 | 46 | 32 | 10 | 45 | 87 | 46 | 87 | 26 | 45 | 91 | 44 | 22 | 88 | 99 | 67 | 30 | 44 | 33 | 13 | 61 | 13 | 26 | 62 | 64 | 88 | 57 | 79 | 99 |  5 | 16 | 91 | 69 | 36 | 49 | 67 | 51 | 88 | 95 | 27 | 91 | 77 | 84
 81 | 74 | 39 | 31 | 87 | 26 | 39 | 25 | 90 | 20 | 24 | 40 | 88 | 94 | 38 | 72 | 95 | 51 | 75 | 74 | 49 | 98 | 19 | 47 | 34 | 33 | 37 | 78 | 23 | 45 | 63 | 21 | 55 | 57 | 12 | 53 | 94 | 29 | 74 | 24 | 74 | 44 | 92 | 42 | 90 |  6 | 64 | 82 |  5 | 25 | 47 | 45 | 74 |  6 |  5 | 75 | 14 | 11 |  1 | 23 | 21 | 71 | 21 | 28 | 57 | 91 | 42 | 51 |  6 |  9 | 23 | 49 | 71 | 25 | 16 | 17 | 43 | 96 | 18 | 95 | 57 | 25 | 17 | 96 | 57 | 80 | 55 | 38 | 69 | 20 | 78 | 30 | 85 | 59 | 73 | 33 | 83 | 75 | 13 |  2
 32 | 44 | 76 | 39 | 19 |  0 | 71 | 84 | 22 | 17 | 44 | 30 | 49 | 53 | 96 | 89 | 31 | 54 | 46 |  1 |  3 | 50 | 21 | 77 | 94 | 86 | 44 | 55 | 52 | 17 | 20 | 63 |  4 | 84 | 70 | 22 | 42 | 56 |  3 | 56 | 66 | 22 | 28 | 61 |  8 |  6 | 33 | 25 | 68 | 42 | 62 | 29 | 76 | 16 | 97 | 38 | 69 | 24 | 82 | 19 | 47 | 76 | 53 | 70 | 35 | 41 | 39 | 13 | 20 | 60 | 47 | 36 | 68 | 37 | 91 |  1 | 90 | 78 | 67 |  9 | 95 | 82 |  9 | 44 | 37 | 52 | 70 | 42 | 26 | 76 |  6 |  0 | 82 | 42 | 14 | 75 |  5 |  1 | 94 | 38
 87 | 14 | 70 | 20 | 87 | 55 | 92 |  3 | 15 |  3 | 95 | 53 | 42 | 21 | 53 | 12 | 87 | 23 |  3 | 42 | 52 | 33 | 76 | 89 | 96 | 32 | 52 |  0 | 60 | 69 | 26 | 80 | 56 | 35 | 41 | 43 | 86 | 61 | 68 | 92 | 17 | 11 | 82 | 87 | 10 | 10 | 90 | 50 | 63 | 75 | 92 | 19 |  5 | 57 | 91 | 81 | 64 | 12 | 24 | 21 | 56 | 29 | 32 | 51 | 65 | 61 | 21 | 38 | 99 | 71 | 84 | 13 | 26 | 19 | 76 |  6 | 68 | 37 | 32 | 64 | 48 | 96 | 21 |  4 | 40 | 88 |  8 | 94 | 46 | 52 | 85 | 72 |  6 | 33 | 68 | 89 | 53 | 83 | 87 | 24
 17 | 10 | 27 | 17 | 72 | 41 | 64 | 43 | 72 | 76 | 25 |  7 | 10 | 15 | 42 | 33 | 61 | 81 | 94 |  9 | 50 | 94 | 95 | 79 | 69 | 20 | 30 | 83 | 55 | 93 | 68 | 21 |  2 | 99 |  9 | 57 | 14 | 22 | 44 | 56 | 11 | 64 | 89 | 64 | 59 | 13 | 82 | 20 |  0 | 61 | 90 | 36 | 24 | 53 | 65 | 16 | 54 | 53 | 53 | 17 | 28 | 75 | 21 | 87 | 27 | 89 |  3 | 22 | 94 |  3 | 25 | 54 | 74 |  3 | 81 | 62 | 33 | 72 | 74 | 56 | 13 |  7 | 15 |  6 | 73 | 42 |  9 | 85 | 56 | 80 | 40 | 45 | 97 | 99 | 20 | 81 | 40 | 91 |  2 | 90
 16 |  6 | 52 | 37 | 48 | 90 | 89 |  6 | 13 | 37 | 13 | 40 | 10 | 62 | 81 | 87 |  3 | 18 | 41 | 26 | 10 | 32 | 15 | 88 | 28 | 60 | 75 | 48 | 51 | 60 |  1 |  2 | 54 | 45 | 56 | 66 | 38 | 65 | 44 | 38 | 51 | 14 | 36 | 20 |  4 | 63 | 47 | 21 | 86 | 62 | 78 | 48 | 77 | 29 |  3 | 53 | 28 | 27 | 77 | 39 | 46 | 84 | 12 | 72 | 74 | 62 | 28 | 60 | 10 | 88 | 63 | 19 | 38 | 84 | 29 | 81 | 90 |  5 | 83 | 99 | 50 | 68 | 84 | 82 | 46 | 24 | 29 | 86 | 66 | 29 | 65 | 43 | 28 |  5 | 90 | 12 | 98 | 90 | 20 | 12
 64 | 48 | 13 | 45 | 87 | 46 | 56 | 32 | 45 | 15 | 70 | 45 |  1 | 78 | 30 | 69 | 73 | 68 | 48 | 40 | 26 | 55 | 19 | 50 | 79 | 67 | 97 | 86 | 75 | 37 | 69 | 33 | 25 | 79 | 99 | 77 | 41 | 88 | 20 | 43 | 53 | 72 | 24 | 31 | 59 | 24 | 80 | 59 | 35 | 97 | 98 | 74 | 71 | 86 | 81 | 44 | 48 | 88 | 88 | 89 | 90 |  3 | 44 | 25 | 66 | 22 | 85 |  2 | 12 | 73 | 37 | 88 | 57 | 29 | 38 | 24 | 31 |  1 |  4 | 52 | 13 | 48 | 76 | 74 | 51 | 51 | 96 | 11 | 67 | 50 | 15 | 50 | 92 |  7 | 25 | 70 | 54 | 95 | 29 | 19
 40 | 65 | 48 | 25 | 35 | 80 | 56 | 50 | 98 | 73 | 18 | 47 |  0 | 97 | 44 |  4 | 20 |  5 | 81 | 79 | 87 | 27 | 62 | 62 | 49 | 59 |  2 | 56 | 15 |  1 | 52 | 47 | 81 | 66 | 45 | 93 |  5 | 38 | 71 | 81 | 33 | 88 | 40 | 25 | 32 | 29 | 53 | 74 | 86 | 40 | 19 | 81 | 46 | 25 |  8 | 33 | 26 | 37 | 98 | 13 | 36 | 51 | 26 | 63 | 15 | 83 | 31 | 40 | 45 | 45 | 43 | 58 | 45 | 35 | 84 | 62 | 48 | 19 | 99 | 39 | 83 |  5 | 78 | 41 | 51 | 56 |  9 | 70 | 91 |  5 | 17 | 89 | 77 | 15 | 90 | 56 | 80 | 27 | 99 | 73
 47 |  8 | 47 | 26 | 44 | 12 | 66 | 51 | 70 | 54 |  0 | 23 | 73 | 72 | 52 | 93 |  0 | 32 |  3 | 74 | 45 | 48 | 24 | 41 | 26 |  4 | 90 | 20 | 39 | 23 | 38 | 32 | 97 | 52 | 47 |  4 | 32 | 28 | 48 | 67 | 14 | 67 | 98 | 64 | 63 |  8 | 33 | 10 | 15 | 89 | 51 | 78 | 71 | 30 | 40 | 56 | 57 | 67 | 46 | 57 | 59 | 57 | 65 | 93 | 70 |  6 | 89 | 74 | 24 | 27 | 93 | 44 | 17 |  6 | 87 | 87 | 59 | 85 |  0 | 74 |  6 | 29 | 93 | 94 | 23 | 84 | 70 | 92 | 37 | 23 | 40 | 15 | 26 | 45 | 78 | 91 | 60 | 13 | 26 | 98
 84 | 35 | 59 | 84 | 99 | 22 | 66 |  3 | 35 |  9 | 44 | 62 | 64 | 91 | 28 | 94 | 21 | 23 | 51 | 53 | 36 |  8 | 32 | 46 | 78 | 21 | 42 | 71 | 30 | 60 | 62 | 59 | 98 | 34 |  4 | 89 | 47 | 82 | 17 | 29 | 35 | 73 |  3 | 58 | 69 | 51 | 32 | 14 | 86 | 77 | 24 | 76 | 79 | 54 |  3 | 94 | 68 | 57 | 90 | 65 | 90 | 39 | 22 | 28 | 60 | 65 | 30 | 13 | 15 | 10 | 10 | 37 | 90 | 40 | 39 | 91 | 34 | 37 | 84 | 81 | 92 | 49 | 40 | 57 | 14 | 94 | 16 |  3 | 47 |  9 | 57 | 93 | 95 | 28 | 55 | 52 | 93 | 45 | 42 | 52
 66 | 52 | 25 | 24 | 74 | 48 | 24 |  1 | 66 | 81 | 29 | 68 | 47 | 11 | 81 | 89 |  3 | 84 |  9 | 49 | 76 | 79 | 36 | 84 | 75 |  3 | 48 | 75 | 91 | 24 | 34 | 42 | 21 | 63 | 10 | 14 | 72 | 37 | 63 | 21 | 54 | 84 | 60 | 73 | 95 |  7 |  7 | 38 | 50 | 59 | 10 |  7 | 63 | 10 | 54 | 31 | 84 | 67 | 80 | 74 | 83 | 51 |  5 | 99 | 47 | 26 | 59 | 76 | 77 |  9 | 39 | 98 | 85 | 15 | 30 | 22 | 49 | 92 | 37 | 30 | 37 |  7 | 77 | 28 | 22 |  6 | 87 | 66 | 76 |  8 | 84 | 30 | 26 | 78 | 92 | 69 | 64 | 88 | 10 | 72
 20 |  3 | 74 | 23 | 82 | 31 | 83 | 95 | 42 | 96 | 45 | 78 |  3 | 74 | 63 | 53 | 57 | 70 | 83 | 57 |  9 | 89 | 56 | 15 | 25 | 84 | 36 | 12 | 75 | 24 | 79 | 31 |  8 |  6 | 30 |  0 | 67 | 24 | 16 | 86 |  8 |  7 | 83 | 18 | 30 | 90 |  7 | 49 | 77 | 77 | 21 | 39 | 66 | 49 | 65 | 10 | 70 | 19 | 64 | 12 | 25 | 30 |  8 | 47 |  9 | 77 | 25 | 30 | 51 | 89 | 60 | 75 | 85 | 84 | 34 | 86 | 71 | 20 | 50 | 66 | 28 | 62 | 93 | 60 | 14 | 39 |  5 | 46 |  5 | 86 |  9 |  2 | 84 | 36 | 45 | 98 | 39 |  7 | 76 | 26
 46 | 23 | 92 | 34 | 47 | 95 | 87 |  6 | 91 | 41 | 73 | 23 | 54 | 40 |  6 | 57 | 71 | 81 | 69 | 70 | 21 | 32 | 39 | 29 | 52 | 42 | 46 | 95 | 91 | 97 | 66 | 51 |  7 | 44 | 66 | 58 | 57 | 75 | 33 | 14 | 36 | 46 | 63 | 17 | 87 | 49 | 20 | 59 | 16 | 50 | 39 | 37 | 73 | 75 | 26 | 27 | 98 | 90 |  4 | 58 | 85 | 62 | 41 | 80 | 90 | 37 | 76 | 15 | 45 | 12 | 93 | 97 | 30 | 70 |  8 | 62 | 49 | 17 | 95 |  9 | 11 | 83 | 14 | 22 | 18 | 55 | 27 | 31 |  8 | 45 |  1 |  5 | 36 | 65 | 24 | 90 | 49 | 25 | 34 | 27
 14 | 66 | 67 | 69 | 97 | 41 |  4 | 40 | 98 | 53 | 81 | 20 | 49 | 14 | 52 | 70 | 87 |  6 |  2 |  6 | 75 | 18 | 86 | 84 | 54 | 69 | 65 | 69 | 41 | 64 | 88 | 72 | 70 | 94 |  7 | 58 |  1 | 58 |  2 | 98 | 79 | 69 | 16 | 43 | 39 | 27 | 44 | 51 | 74 | 55 | 48 |  0 |  4 | 99 | 77 | 13 | 68 | 18 |  1 | 59 | 72 | 65 | 48 | 13 | 75 | 22 | 20 | 33 | 19 | 94 | 71 | 46 | 17 | 17 | 62 | 74 | 98 | 47 | 10 | 59 | 53 | 44 | 61 | 34 | 43 | 23 | 90 | 56 | 76 | 41 | 57 | 16 | 55 | 41 | 48 | 55 | 26 | 25 | 89 | 40
 38 | 21 | 87 | 99 | 24 | 62 | 60 | 76 | 85 | 40 | 20 | 26 | 22 | 82 | 24 |  2 | 46 | 62 | 94 | 20 | 14 | 86 | 60 | 97 |  4 | 73 | 31 | 16 | 61 | 39 | 26 | 78 | 68 | 64 | 52 | 37 | 35 | 72 | 10 | 29 | 46 | 53 | 42 | 62 | 66 | 20 | 20 |  3 | 46 | 39 | 81 | 76 | 55 | 70 | 84 | 76 | 44 | 12 | 57 | 40 | 87 | 99 | 44 | 89 | 98 | 76 | 30 | 85 | 70 | 35 | 77 | 10 | 95 | 70 | 12 | 23 | 54 | 45 | 69 |  3 | 73 | 65 | 78 |  7 | 36 | 63 | 18 | 81 | 52 | 95 | 38 | 16 | 37 |  4 | 58 | 79 | 54 | 44 | 16 | 28
 16 |  3 | 23 | 88 | 11 | 93 | 31 | 98 | 50 |  7 | 88 | 10 | 78 |  5 | 71 | 82 |  0 | 92 | 60 | 53 | 18 | 92 | 95 | 40 | 46 | 95 | 10 | 63 |  4 | 10 | 23 | 41 | 43 | 61 | 61 | 52 | 68 | 54 | 89 | 33 | 61 | 68 | 80 | 86 | 97 | 68 | 56 | 50 | 77 | 71 | 36 | 43 | 36 | 80 | 45 | 90 | 55 | 71 | 19 | 33 | 70 | 27 |  1 | 54 | 37 | 16 | 40 | 62 | 86 | 46 |  5 | 62 | 98 | 77 | 48 | 77 | 30 | 22 | 20 | 67 | 72 | 56 | 41 | 14 | 19 | 33 |  8 | 27 | 46 | 28 | 54 | 51 | 81 | 37 | 74 | 34 | 59 | 18 | 45 | 23
  4 | 82 |  8 | 83 | 74 | 65 | 28 | 68 | 47 | 32 | 40 | 37 | 99 | 25 | 11 | 88 | 36 | 48 | 42 | 28 | 91 | 15 | 34 | 71 | 35 | 71 |  7 | 93 | 34 |  0 | 33 | 89 | 84 | 79 | 25 | 41 | 14 | 73 | 54 | 66 | 25 | 25 | 18 | 92 | 23 | 86 | 12 |  4 | 73 | 88 |  0 | 40 | 30 | 27 | 56 | 82 |  1 | 75 | 97 | 29 | 57 | 49 | 87 | 81 | 38 | 63 |  8 | 50 |  4 | 98 | 46 | 10 |  3 | 81 | 23 | 82 | 30 |  1 | 63 |  9 | 27 | 54 | 19 | 52 | 84 |  9 | 40 | 77 | 32 | 64 | 86 | 79 | 35 | 96 | 97 | 47 | 75 |  8 | 79 | 30
 53 | 69 | 19 | 96 | 64 | 46 | 81 |  4 | 33 | 48 | 77 | 66 | 17 | 80 | 23 |  6 | 74 | 97 |  6 | 47 | 19 |  1 |  3 |  6 | 42 | 33 | 65 | 31 | 83 | 89 | 99 | 76 | 85 | 46 | 23 | 39 | 44 | 71 | 67 | 42 | 91 | 98 | 30 | 99 | 24 | 54 | 61 | 23 | 83 | 79 | 75 |  1 | 51 | 93 | 30 | 14 |  7 | 59 | 40 | 73 | 26 | 69 | 70 | 47 | 61 | 42 |  5 | 54 | 63 | 80 | 41 | 48 | 58 | 17 | 54 | 51 | 53 | 64 | 66 | 55 | 32 | 82 | 90 | 10 | 19 | 24 | 91 | 73 | 26 | 46 | 68 | 40 | 73 |  4 | 52 | 83 | 12 | 72 | 94 | 60
 85 | 53 | 94 | 32 | 52 |  5 | 56 | 72 | 22 | 70 | 38 | 67 | 84 | 79 | 69 | 77 | 28 |  4 | 66 | 90 | 94 | 30 | 76 | 72 | 45 | 80 | 10 | 47 | 17 | 31 | 16 | 15 | 95 | 49 | 33 | 87 | 62 | 41 | 61 | 36 | 77 | 96 | 52 | 35 | 76 | 33 | 81 | 29 | 50 | 47 | 37 | 83 | 70 | 30 | 79 | 60 | 99 | 67 | 89 | 91 | 83 | 86 | 29 | 72 | 16 | 39 | 78 | 39 | 62 | 70 | 81 | 75 | 32 | 56 | 93 | 81 | 69 | 50 | 40 | 37 | 86 | 73 | 45 | 99 | 57 | 93 | 11 | 42 | 19 |  6 |  6 | 44 | 72 |  7 | 86 | 59 | 30 | 73 | 91 | 14
 65 |  5 |  9 | 42 | 29 | 95 | 18 | 25 | 34 | 73 | 34 | 63 | 68 | 34 | 88 | 48 | 21 | 58 | 77 | 34 | 53 | 17 | 75 | 32 | 38 | 11 | 23 | 86 | 46 | 69 | 32 | 40 | 94 | 59 | 35 |  3 | 29 | 64 | 36 | 58 | 49 | 88 | 74 | 27 | 76 | 68 | 31 | 55 | 17 | 49 | 39 | 79 | 55 | 30 | 54 | 17 | 93 | 37 | 70 | 80 | 76 | 28 | 34 | 69 | 80 |  0 | 92 | 46 | 27 | 12 | 18 | 54 | 34 | 63 | 70 | 98 | 80 | 76 | 50 | 57 | 56 | 96 | 18 | 20 | 68 | 43 | 11 | 65 |  2 | 49 | 90 | 37 | 44 | 73 |  5 | 20 | 86 | 29 | 24 | 20
 87 |  9 | 31 | 93 |  4 | 10 | 27 | 22 | 16 | 19 | 93 |  2 | 91 | 75 | 28 |  2 | 21 |  9 | 28 | 35 | 97 | 52 | 39 |  7 | 19 | 16 | 59 | 55 | 54 | 89 | 79 | 98 | 10 | 93 |  1 | 18 | 45 | 69 | 73 | 55 | 78 | 53 | 77 | 91 | 22 | 76 | 31 |  0 | 57 | 43 | 18 | 95 | 23 | 48 | 53 |  1 | 73 | 44 | 66 | 79 | 79 | 89 | 25 | 66 | 20 | 37 | 91 |  8 | 23 | 20 |  7 | 43 | 37 | 77 | 96 | 35 | 38 | 94 | 16 | 64 | 86 | 51 | 73 | 65 | 99 |  7 | 63 | 19 | 64 | 33 | 31 | 54 |  8 | 67 |  0 | 36 | 80 | 47 | 13 | 89
 13 | 22 | 75 |  8 | 86 |  7 | 66 | 38 | 75 | 53 |  7 |  1 | 57 | 96 | 34 | 83 | 17 | 66 | 30 | 12 | 41 | 94 | 97 | 57 | 60 | 64 | 74 | 81 | 28 | 85 | 64 | 59 | 48 | 72 | 70 | 72 | 14 | 85 | 89 | 13 | 98 | 39 | 94 | 68 | 64 | 72 | 92 | 93 | 50 | 53 |  7 | 59 | 78 | 29 | 74 | 42 | 79 | 33 | 45 |  3 | 42 | 11 | 81 | 39 |  5 | 92 | 53 | 99 | 97 | 99 | 45 |  9 | 20 | 77 | 88 |  6 | 67 | 23 |  2 | 66 |  3 | 37 | 29 | 77 | 33 | 28 | 87 | 45 |  2 | 67 | 57 | 17 | 30 | 54 | 27 | 58 |  7 | 40 |  8 | 67
 18 | 42 |  2 | 77 | 30 | 18 |  4 | 83 | 48 | 65 | 39 | 37 | 73 | 99 | 22 | 51 | 27 | 77 | 61 |  2 | 61 | 53 | 46 | 63 | 41 | 12 |  3 | 50 | 51 | 46 | 12 | 58 | 14 | 82 | 63 | 52 | 57 | 57 | 63 | 74 | 86 | 55 | 60 | 73 | 46 | 35 | 41 | 91 | 55 |  4 | 17 |  0 |  4 | 58 |  2 | 51 |  9 | 67 | 76 | 86 | 64 | 78 | 40 | 80 | 46 | 69 | 27 | 64 | 55 | 80 | 26 | 59 | 58 | 66 | 10 | 63 | 11 | 78 | 32 | 14 | 16 | 38 |  5 | 46 | 44 | 26 | 71 | 14 | 10 | 38 | 44 | 29 | 82 | 20 | 82 | 10 | 92 | 61 | 82 | 71
 15 | 25 | 51 | 52 | 62 | 99 | 34 | 36 |  1 | 45 | 22 | 52 | 74 |  2 | 54 | 64 | 32 | 14 | 67 |  6 | 54 | 43 | 15 |  9 | 54 | 91 |  3 | 67 | 70 | 73 | 18 | 22 | 98 | 82 | 70 | 45 | 75 | 18 | 31 |  1 | 63 | 15 | 27 | 81 | 36 | 26 | 51 | 23 | 54 | 46 | 18 |  6 |  1 |  2 | 21 | 28 | 70 | 78 |  6 |  0 | 78 | 61 | 69 | 38 | 96 |  3 | 97 | 91 | 23 |  3 | 24 | 12 | 48 | 22 | 92 | 79 | 61 | 88 | 41 | 77 | 59 | 93 | 34 | 63 | 97 | 54 | 48 | 92 | 21 | 98 | 42 | 12 | 72 | 15 | 77 | 27 | 23 | 52 | 63 |  0
 87 | 38 | 54 | 61 | 27 | 88 | 53 |  9 | 96 | 77 | 62 | 42 | 98 | 76 | 99 | 55 | 36 |  4 | 98 | 59 | 72 | 84 | 30 |  1 | 51 | 94 | 83 | 13 | 17 | 68 | 63 | 66 | 24 | 18 |  2 | 93 | 36 | 61 | 23 | 24 | 28 | 81 | 88 | 92 |  7 |  0 | 95 | 78 | 54 | 96 | 70 | 20 | 69 | 97 |  4 | 34 | 87 | 73 | 43 | 99 | 81 | 59 | 45 | 15 | 26 | 82 | 39 | 47 | 38 | 98 |  5 |  0 | 71 |  7 | 16 | 81 | 99 |  6 | 38 | 60 | 39 |  4 | 73 |  4 | 67 | 63 | 94 | 35 | 63 | 23 | 67 | 53 | 45 | 19 | 13 | 85 | 86 | 71 | 94 | 24
 22 | 59 | 27 | 92 | 70 | 16 | 62 | 92 | 88 | 52 | 50 | 97 | 70 | 55 | 57 |  5 | 89 | 33 | 22 |  9 | 46 | 10 | 86 | 16 | 47 | 72 | 57 | 23 | 10 | 11 | 53 | 75 | 11 | 33 | 11 | 15 | 37 | 87 | 92 |  8 | 39 | 19 | 53 | 17 | 82 | 78 | 72 | 36 |  0 | 70 | 25 | 84 | 80 | 27 | 40 | 35 | 45 | 40 | 10 | 11 | 35 | 24 | 78 | 20 | 13 | 86 | 51 | 54 |  7 | 11 | 76 |  8 | 41 | 43 | 88 | 70 | 53 | 70 | 55 | 10 | 13 | 61 | 11 | 83 | 10 | 40 | 97 | 29 | 57 | 32 | 30 | 16 | 86 | 57 | 57 | 86 | 81 | 34 | 31 | 89
 17 |  2 | 63 | 92 |  3 | 63 | 56 | 38 | 22 | 93 | 36 | 36 | 19 | 53 | 25 | 12 | 22 | 68 | 88 | 67 | 16 | 68 |  4 | 70 | 46 | 43 | 71 | 78 |  7 | 44 | 62 | 61 | 22 | 36 | 84 | 29 | 78 | 12 | 87 | 73 | 21 | 98 | 74 | 59 | 43 | 14 | 57 | 87 | 17 | 89 | 78 | 82 | 57 | 16 | 80 | 64 | 64 | 86 | 96 | 65 | 42 | 58 | 42 | 45 | 17 | 19 | 84 | 24 | 13 | 11 | 35 | 62 | 45 | 66 | 14 |  3 | 20 | 19 | 61 | 73 |  4 | 58 | 52 |  5 | 31 | 60 | 23 | 77 | 78 | 64 | 20 | 98 | 32 | 39 | 45 | 63 |  4 | 72 | 68 | 23
 19 |  7 | 97 | 14 | 37 | 83 | 76 | 56 |  0 | 65 |  8 | 55 | 20 | 67 | 33 | 23 | 35 | 98 | 95 | 26 | 65 | 67 | 91 | 52 | 90 | 49 | 31 | 13 | 69 | 51 | 86 | 27 | 74 | 26 | 52 | 73 |  5 | 33 | 55 | 73 | 82 |  2 | 59 | 33 | 77 | 19 | 20 | 67 | 80 | 53 | 61 | 41 | 21 | 55 | 91 | 91 | 86 | 43 | 87 | 25 | 89 | 83 | 29 | 48 | 38 | 51 | 35 | 57 | 55 | 20 | 67 | 99 | 61 | 98 | 64 | 38 | 28 | 29 | 56 | 20 | 69 | 20 | 24 | 67 | 58 | 37 | 29 | 62 | 64 | 98 | 84 | 45 | 69 | 28 | 64 | 75 | 11 | 31 | 28 | 17
 63 | 14 | 95 | 34 | 13 | 26 | 91 | 80 | 67 | 54 | 17 | 52 | 12 | 34 | 73 | 88 | 34 | 86 | 64 |  4 | 82 | 59 | 71 | 39 | 97 | 75 | 80 | 73 | 98 |  7 | 77 | 33 | 56 | 20 | 86 | 97 | 98 | 70 | 68 | 17 | 46 | 43 | 26 | 80 | 61 | 59 | 73 | 77 |  1 | 65 | 53 | 98 | 83 | 13 | 79 | 27 | 24 | 54 | 70 |  8 | 13 | 71 | 38 | 16 | 31 | 77 | 50 | 42 | 88 | 70 | 67 | 46 | 20 | 13 | 97 | 53 | 71 |  7 | 64 | 73 | 83 | 92 | 21 | 26 | 82 | 89 | 66 | 41 | 76 | 71 | 33 | 89 | 98 | 44 | 43 | 57 | 91 | 76 | 99 | 81
 24 | 76 | 97 | 25 | 17 | 55 | 97 | 62 | 83 | 84 | 94 | 81 | 80 | 18 | 56 | 68 | 89 | 82 | 73 |  0 | 84 | 79 |  1 | 46 | 73 | 82 | 96 | 82 | 10 |  6 |  6 | 38 | 91 | 38 | 29 | 17 | 35 | 55 | 35 | 74 | 39 | 54 | 76 | 97 | 87 | 39 | 35 | 12 | 44 | 99 | 17 | 27 | 42 | 65 | 92 | 25 |  8 |  4 | 91 | 44 | 21 | 28 | 86 | 27 | 27 | 17 | 49 | 58 | 60 | 52 | 83 | 93 | 14 | 32 | 70 | 59 | 53 | 28 | 66 | 99 | 89 | 37 | 98 | 72 | 90 | 64 | 90 |  9 | 24 | 52 | 54 | 36 | 31 | 66 |  9 | 59 | 52 | 21 | 33 | 52
 12 | 13 | 12 | 44 | 79 |  3 | 86 | 23 | 53 | 92 | 63 | 92 | 58 | 82 | 38 | 72 | 19 | 98 | 44 | 67 | 12 | 66 | 10 | 25 | 59 | 31 | 32 | 66 | 18 | 65 | 42 | 90 | 14 | 34 | 57 | 84 | 84 | 65 | 15 | 61 | 90 | 57 | 40 | 58 | 94 | 27 | 44 | 33 |  9 | 44 | 99 | 27 | 86 | 91 | 83 | 21 | 98 | 66 | 57 | 58 | 92 | 61 | 51 | 96 | 89 | 66 | 10 | 34 | 71 | 95 | 89 | 90 | 21 | 76 | 36 | 92 | 90 | 28 | 97 | 38 | 80 | 18 | 49 | 70 | 50 | 10 |  6 | 61 |  7 | 17 | 19 |  2 | 63 | 27 | 96 | 93 | 77 | 72 | 34 | 43
 10 | 42 | 57 | 19 | 10 | 61 | 57 | 56 | 58 | 74 | 59 | 75 | 79 | 95 |  9 | 59 |  3 | 94 | 72 | 21 | 25 | 29 | 91 | 20 | 63 | 23 | 51 | 99 | 83 | 98 |  3 | 71 | 57 | 47 | 94 | 29 |  2 | 44 | 51 | 45 | 20 | 87 | 14 | 97 | 86 | 46 | 28 | 77 | 56 | 86 | 95 | 58 |  3 | 65 | 19 | 26 | 31 | 13 | 27 | 48 | 45 | 80 | 68 | 98 | 42 | 82 | 32 | 68 | 26 | 58 |  3 | 77 | 22 | 46 | 31 |  3 | 47 |  1 |  7 |  9 | 84 |  7 | 12 | 70 | 78 | 55 | 82 | 73 | 86 | 52 | 95 | 29 | 32 | 67 | 47 | 58 | 78 | 20 | 12 | 81
